613 433
489 510
364 681
654 436
602 566
487 520
290 630
149 433
229 632
618 568
365 671
538 579
233 606
385 595
172 438
220 629
297 575
334 596
254 562
378 537
501 669
326 634
126 401
359 551
615 478
216 461
531 605
599 472
565 636
469 642
575 619
345 577
608 564
261 600
148 386
180 428
437 593
311 688
733 0
453 530
305 542
194 538
628 449
178 549
173 436
513 588
431 768
547 594
267 497
560 517
135 425
323 644
546 544
156 426
455 575
378 553
574 513
1025 54
320 599
187 489
1025 104
670 160
909 366
599 105
770 219
677 170
418 284
701 104
465 287
824 221
907 347
591 231
470 256
879 246
722 107
437 283
705 228
0 246
871 216
436 189
422 342
372 289
0 86
496 204
548 133
489 121
896 255
673 129
418 291
799 300
797 270
829 230
746 217
512 250
556 79
708 101
780 244
412 381
722 0
869 182
649 195
683 191
556 113
834 203
788 106
520 239
431 768
439 244
820 149
825 167
585 99
392 303
830 197
727 100
863 228
493 206
822 163
0 59
546 249
569 142
878 414
905 336
612 247
807 115
589 113
474 264
15 768
651 120
810 321
558 161
452 314
779 165
541 184
492 165
0 757
559 221
416 291
616 147
688 0
650 197
653 92
842 150
811 153
905 287
914 329
753 120
519 148
602 166
480 205
615 229
613 249
781 163
618 74
483 129
509 178
243 768
762 100
429 223
604 100
730 131
641 241
870 365
556 86
635 166
900 315
721 165
798 215
734 210
850 252
466 261
423 211
439 192
513 192
529 178
520 257
574 251
790 134
426 173
770 95
556 210
700 73
768 185
464 158
600 130
392 334
812 317
625 233
812 179
472 157
604 77
514 160
1025 72
505 154
783 150
437 186
421 326
805 280
555 150
850 190
574 200
650 124
550 151
565 214
552 222
592 127
635 71
522 220
488 141
388 367
789 115
873 403
704 225
522 116
616 70
746 135
369 309
873 216
549 223
662 150
534 232
390 350
863 308
511 156
781 268
656 187
780 133
630 145
804 280
834 173
883 407
814 282
855 249
468 180
649 206
461 149
732 79
605 237
622 63
720 246
649 206
894 252
833 344
671 137
847 243
884 403
563 230
660 170
797 127
645 179
1025 422
555 251
1025 409
754 223
799 136
527 157
818 255
843 341
858 311
458 263
878 206
823 216
452 292
820 174
565 197
546 96
591 215
626 122
784 210
419 249
689 175
820 136
761 229
671 242
825 305
497 286
567 119
437 152
858 191
889 372
883 263
889 300
890 317
478 190
447 261
412 328
454 209
728 176
674 221
716 131
423 168
426 257
565 223
413 218
580 159
384 276
391 222
528 264
410 361
464 261
462 148
700 74
682 205
648 242
719 200
427 166
565 120
456 278
863 183
585 166
465 183
645 62
799 266
783 259
477 129
492 122
771 236
617 153
749 148
802 232
899 289
551 212
649 121
742 269
888 359
807 182
518 108
560 229
486 122
640 191
523 227
709 171
842 317
506 268
905 304
737 126
774 232
630 115
897 323
492 269
458 196
657 195
854 207
387 306
378 381
721 208
609 66
427 298
472 138
550 135
711 163
873 240
618 125
578 241
393 290
759 248
580 157
690 768
390 358
401 270
723 203
